0.046897523854907718 -0.080631808041664282 -0.087061362629488381
-0.011003392909194073 -0.022294283107861336 -0.063988814092722612
-0.012982251233220603 -0.060365364918520542 -0.039219195012526631
0.045251560479092859 -0.036739254909766324 -0.01506615544835084
-0.010182020130772639 -0.076055026381101551 -0.16034072465011093
-0.010033370243164565 -0.079172573553407927 -0.037330393428214759
0.049471399044420175 -0.086675876524611409 -0.039903774007388711
-0.0097896450440729411 -0.034677819672781565 -0.17848659118763752
-0.0011953714593505326 -0.10229464983802228 -0.015899967747726357
0.046003262664770492 -0.11647927023379749 -0.012318709653849817
-0.013578459443160048 -0.019276131468972047 -0.070584368381464715
-0.013497946948637912 -0.19178280881744725 -0.023910850043567893
0.077834971135463143 -0.10155809973106907 -0.035054102607990002
0.010794017252696329 0.0079413463106540391 -0.011510892999774334
0.021531668548084699 -0.084138557026612562 -0.0025865236169680889
0.048616449695163537 -0.043215524383198152 -0.039053491010377292
0.0065113479232280745 -0.011422880027667899 -0.010950039042157252
0.0066003562967773821 0.15908213366949581 -0.018728431762878636
0.030396373887019993 0.1635130734948777 -0.068296019996181803
0.0051355305014746701 0.33042192901214551 -0.12857963183291302
-0.0036496605475289353 -0.041591313395793 -0.13272476371711125
0.049382944448086642 -0.10404907766229739 -0.025183055752732473
-0.011077513002131719 -0.045559759867912338 -0.031144044965707832
-0.0046975525027328196 -0.079205345182751796 -0.060043555158416556
0.053519106571798897 -0.053525818378103322 -0.06864897841898504
-0.018227461327886184 0.08528526486906049 -0.080999405049971357
-0.0066418509592535971 -0.093894198200176429 -0.037290044182982061
0.047288722425021634 -0.025732963154103346 -0.13237527600157989
-0.013777710871057516 -0.082220960491524595 -0.15057064921458044
-0.014538984912037908 -0.093348175289038077 -0.025316949435467067
0.048520232327159671 -0.11312364293937845 -0.051845976706338816
-0.016046414917484202 -0.034428237375747586 -0.051971327086208427
-0.0085198157802853711 -0.1239215057967317 -0.041748862154022716
0.045141293012251754 -0.066623158175553671 -0.11210498098145071
-0.014411823832343663 -0.050969360911178804 -0.082698764107273795
-0.014926042238845735 -0.11295197941396551 -0.067477660262124012
0.04770404958854766 -0.032972999871296531 -0.067605601929050171
-0.0064803348868615902 -0.072564599252778833 -0.13674266059119197
-0.0073312536067293103 -0.13190267775401207 -0.025746658201620993
0.045735338141962387 -0.054518499363604138 -0.10746808282045946
-0.010289868343517706 -0.0435610941054985 -0.10456001289552269
-0.010442131412906274 -0.085749728029190259 -0.044357096679611213
0.05056392123008123 -0.045043607709742986 -0.065969675803688649
-0.0029529799835207901 -0.025365195463166953 -0.10879049206396701
0.0087498644452662783 -0.092319706694397777 -0.011202641324290019
0.046709449359916839 -0.059442941659455073 -0.04066507022695541
-0.0089700209671218865 -0.094454305639454797 -0.1421347406187258
-0.0094632352214546033 -0.12204841219031806 -0.032979511118689464
0.041978505415011629 -0.069511867976100331 0.11464334680905783
0.021244459511520212 -0.099911391371523481 -0.014116290836434722
0.024938706266564199 -0.11765279641902406 0.20692126957552093
0.049894944280053179 -0.039870158313953068 -0.059497880958047325
-0.0063646052372854636 -0.0087654329999962092 -0.072017111928887309
-0.0050431000990078115 -0.12220898035404612 0.14564061095515274
0.064663399689124157 0.008614575127922677 -0.081049320065400526
-0.012021752925713688 0.30283216394918788 -0.11410726083716498
-0.013385483580355399 -0.052918830333661911 -0.021925824796710545
0.045086747107181156 -0.011539977710082472 -0.084676320526786877
-0.0038618211309714794 -0.049061877042242574 -0.075847918089611832
-0.0080210043187633872 -0.081476712234892917 -0.012642127469835434
0.051141885464097217 -0.036225260189701028 -0.057905933804327056
0.0017405535305227372 -0.050204750783270496 -0.10921894043886768
-0.0019592051920001973 -0.13740087242683774 -0.029843340714560868
0.047085476894774166 -0.096255648278095421 -0.031238932386371786
-0.0086814543483932586 -0.058040885564882891 -0.1121664556754845
-0.0088973235578177975 -0.11518404863757928 -0.030876461928876591
0.048458006980157418 -0.05192248560628572 0.046155321099705916
-0.007296203363975606 -0.018846718260848962 -0.11494530688935195
-0.015563985885074369 -0.1279477949572658 0.17727291438768175
0.046107347322221409 -0.058933299835119211 -0.083873206054897786
-0.010051698000934159 -0.042798776413640154 -0.090412732301432
-0.0086118191398669008 -0.13104075173078733 -0.083140340432543217
0.047272456004726619 -0.010201479243264887 -0.11256593322269196
-0.013852293286571249 -0.031760165408119136 -0.020692913783370674
-0.013807158306634008 -0.080210664807373697 -0.077731829349010892
0.044219210939588645 -0.10287855349587484 -0.068301359900383662
-0.011175017378351597 -0.12787055220503735 -0.24912905519453968
-0.012382371586503958 -0.12634180763027364 -0.034603547125560401
0.050414299942101823 -0.06497892388718661 -0.011858786535243297
-0.0089065981283365982 -0.019519754721149276 -0.071828357266786047
-0.0086830173222371704 -0.085681290005148195 -0.043141180438396529
0.046241934421022104 -0.070504646444291441 -0.014968887646470834
-0.013624266011172099 -0.020489950500209277 -0.090207345904762676
-0.013621648475633087 -0.095397060074664738 -0.018159625639427815
0.065316824974710044 -0.060083263087794096 0.00066905077706680741
-0.00091193846846242309 -0.020576443735345912 -0.043802175902698998
0.029414100893472832 -0.14779450081110809 0.3561401633820982
0.045455314992470443 0.022485285750581101 -0.094102264351168197
-0.010012379004411022 -0.047119087326935337 -0.11503274623061988
-0.012467365880431786 -0.06174456653944347 -0.081847055938825006
0.04659789440384806 -0.03263245480738089 -0.11049459987220098
-0.0036074845282956691 -0.046486529237109199 -0.050019465508064374
-0.00099210678409975277 -0.050488155412825128 -0.039977073357975297
0.039203177504768448 -0.05840680380760753 -0.11753345713073612
-0.0023219567645841039 -0.022809957032688354 -0.013658012840555678
2.5961132426956138e-05 -0.058074787993676769 0.10773724918799427
0.049449826899707242 -0.0034614704902087515 -0.061905890022760639
-0.016517907649037891 0.021187506842725395 -0.063806488413556406
-0.020297235702690198 -0.13758432207669702 0.03597664954568397
0.046266075343935481 0.017057142480167892 -0.076623882892187675
-0.015750326775719355 -0.06327370556784169 -0.065311941688054459
-0.015175895758288363 -0.15901749787239766 -0.043913162631934434
0.047319116753967709 -0.095697116627134163 0.038557301545648973
-0.013403408389093718 -0.063624899003441454 -0.06219766459349118
-0.020146011090742412 -0.098902461260535354 0.075085777882982013
0.045731666940949919 -0.034611170634663707 -0.019098687822471434
-0.010333003347478206 -0.031076584993626338 -0.18236620470362647
-0.0085826762586286333 -0.1319157794839787 -0.028166126217982632
